Name RAdeg DEdeg Teff [Fe/H]
PM_I00051+4547        1.295195     45.786587  3602  -0.05
PM_I00066-0705        1.663538     -7.093147  3051  -0.08
PM_I00072-1036        1.808702    -10.607965  3725  -0.04
PM_I00088+2050        2.224675     20.840403  3100   0.16
PM_I00105-1158        2.641936    -11.972520  3814   0.16
PM_I00125+2142En      3.139604     21.713478  3813  -0.36
PM_I00125+2142Es      3.143580     21.706341  3386  -0.29
PM_I00162+1951E       4.067259     19.864059  3306  -0.10
PM_I00162+1951W       4.060864     19.860563  3326   0.11
PM_I00173+2910        4.334573     29.182947  3621   0.20
PM_I00234+1950        5.855898     19.835003  3719   0.25
PM_I00245+3002        6.145324     30.041557  3128   0.12
PM_I00288+5022        7.224878     50.375877  3207   0.11
PM_I00297+0112        7.430030      1.210748  3625  -0.16
PM_I00315-0552        7.897463     -5.869879  3402  -0.13
PM_I00328-0434        8.221434     -4.568617  3282   0.15
PM_I00401+0308       10.041686      3.134734  3725   0.04
PM_I00446-1856       11.154752    -18.946747  3813  -0.13
PM_I00502+0837       12.573019      8.626148  3253   0.13
PM_I00574+3736       14.371114     37.614101  3807   0.06
PM_I00580+3919       14.504819     39.319771  3157  -0.07
PM_I01019+5410       15.497878     54.182690  2956   0.00
PM_I01028+1856       15.712469     18.948402  3253   0.09
PM_I01028+4703       15.722810     47.050823  3575  -0.20
PM_I01033+6221       15.832594     62.365498  3055   0.28
PM_I01033-1347       15.838445    -13.799602  3415   0.01
PM_I01036+4051       15.917160     40.858143  4042   0.07
PM_I01037+4051W      15.925412     40.854427  3354  -0.02
PM_I01071-1935       16.799789    -19.593336  3689   0.09
PM_I01114+1526       17.855865     15.439423  2942  -0.12
PM_I01119+0455       17.981709      4.918133  3380  -0.20
PM_I01220-3337       20.518450    -33.617680  3902   0.06
PM_I01226+1245N      20.653135     12.752375  4002   0.06
PM_I01234+1638       20.855900     16.644011  3272   0.10
PM_I01250-3251       21.257511    -32.851139  3901   0.03
PM_I01256+0945       21.402725      9.756863  3306  -0.13
PM_I01352-0712       23.808073     -7.214395  3193   0.32
PM_I01369-0647       24.229912     -6.793891  3200   0.04
PM_I01431+2101       25.799421     21.019623  3288   0.22
PM_I01437-0602       25.938046     -6.044473  3250  -0.00
PM_I01531-2105       28.297331    -21.095333  3591   0.38
PM_I01533+2326       28.336462     23.444775  3600   0.17
PM_I01556+0252       28.905481      2.882915  3676  -0.26
PM_I01562+0006       29.062166      0.102467  3379   0.18
PM_I02002-0840       30.053268     -8.681046  3548   0.09
PM_I02022+1020       30.567678     10.337195  2861  -0.04
PM_I02050-1736       31.270004    -17.614607  3491  -0.14
PM_I02081-0128       32.027905     -1.475771  3654  -0.13
PM_I02127+5805       33.188522     58.091446  3579   0.12
PM_I02133+3648       33.335949     36.814098  3100  -0.07
PM_I02166-3059       34.171543    -30.988424  3387   0.14
PM_I02208+3320       35.211887     33.346584  3494   0.11
PM_I02234+2244       35.860962     22.735266  3700   0.05
PM_I02254+2440       36.367081     24.676903  3718   0.37
PM_I02287+1538       37.195625     15.648204  3605   0.04
PM_I02296+3423       37.401573     34.395317  3540   0.12
PM_I02315-0356       37.888737     -3.939658  3615   0.06
PM_I02330+0749       38.268955      7.828449  3678   0.21
PM_I02344+1922       38.616879     19.377508  3424   0.06
PM_I02353+2334       38.844170     23.575195  3365   0.04
PM_I02365+1743       39.129299     17.718102  3710   0.24
PM_I02381-1420       39.531235    -14.336453  3667   0.46
PM_I02490-1029       42.259541    -10.489470  3556   0.05
PM_I02508+6055       42.705429     60.930229  3926   0.02
PM_I02553-2513       43.846626    -25.224791  3632   0.03
PM_I02556+2652S      43.911602     26.872124  4002   0.29
PM_I02562+2359       44.058193     23.986155  3105   0.32
PM_I03036-2535       45.902901    -25.592470  3691   0.24
PM_I03040-2022       46.018852    -20.378721  3275  -0.11
PM_I03081-2445       47.027718    -24.759665  3998   0.03
PM_I03095+4543       47.378391     45.732796  3575   0.65
PM_I03172+4522       49.300854     45.372799  3343  -0.08
PM_I03175-2741       49.396229    -27.696487  3864   0.40
PM_I03185+4432       49.625050     44.536964  3700   0.20
PM_I03272+2723       51.809788     27.385750  3639  -0.03
PM_I03303+3440       52.597168     34.675701  3468   0.02
PM_I03325+2843       53.149147     28.732044  3225  -0.49
PM_I03332+4615S      53.308521     46.255291  3948   0.13
PM_I03346-0450       53.664974     -4.842473  3242   0.08
PM_I03424+1231       55.622711     12.526027  3492  -0.78
PM_I03480+4032       57.024536     40.539627  3725   0.48
PM_I03510+1413       57.753258     14.227755  3271   0.39
PM_I03548+1618       58.721752     16.315645  3303   0.28
PM_I03565+3157       59.137913     31.956877  3325   0.16
PM_I03574-0109N      59.370525     -1.156494  3488   0.09
PM_I03592+1157       59.802486     11.952839  3687  -0.01
PM_I04014+3952       60.353046     39.881912  3525   0.15
PM_I04065+1332       61.644287     13.549078  3499   0.20
PM_I04073-2429       61.835369    -24.486935  3324  -0.09
PM_I04129+5236       63.244991     52.611649  3100  -0.04
PM_I04137-0509       63.441143     -5.151403  3327   0.00
PM_I04224+0337       65.604332      3.618947  3370   0.31
PM_I04238+1455       65.959801     14.921491  3463   0.27
PM_I04247-0647       66.177589     -6.792040  3375   0.18
PM_I04248+5339E      66.220451     53.663754  3413   0.32
PM_I04258+1531       66.455147     15.521262  3646  -0.18
PM_I04290+1840       67.254227     18.673719  3523   0.40
PM_I04310+3647       67.750031     36.798550  3419   0.08
PM_I04311+0157       67.798058      1.957891  3600  -0.19
PM_I04311-1330       67.787659    -13.514591  3694   0.31
PM_I04360+1853       69.017387     18.888594  3552   0.28
PM_I04366+1836       69.162262     18.615765  3594   0.16
PM_I04369-1613       69.239128    -16.218500  3448   0.14
PM_I04393+3331       69.846680     33.530396  3459   0.01
PM_I04400-3104       70.005447    -31.075352  3713  -0.07
PM_I04402+1917       70.053001     19.286100  3460   0.17
PM_I04403+3127       70.097313     31.450373  3548  -0.04
PM_I04423+2046       70.597610     20.776186  3698   0.05
PM_I04425+2027       70.626244     20.453194  3505   0.37
PM_I04429+2128       70.732758     21.473045  3371   0.04
PM_I04487+1003       72.197456     10.050717  3465  -0.09
PM_I04494+4828       72.372803     48.479416  3249   0.15
PM_I04508+2207       72.712212     22.122643  2977   0.37
PM_I04510+1458       72.760117     14.971314  3858   0.13
PM_I04520+0628       73.023842      6.476582  3351   0.22
PM_I04524-1649       73.101768    -16.822834  3371   0.12
PM_I04559+0440W      73.976898      4.671233  3617   0.11
PM_I04591+1651       74.781891     16.865204  3441   0.14
PM_I04595+0147       74.895126      1.783535  3752   0.16
PM_I04599-0333E      74.993996     -3.553404  3358   0.29
PM_I05003+2507       75.081367     25.130836  3593  -0.04
PM_I05019+0108       75.486069      1.145255  3362  -0.10
PM_I05030+2122       75.773544     21.376642  3155   0.06
PM_I05062+0439       76.553871      4.657563  3193  -0.12
PM_I05085-1810       77.145950    -18.171854  3361   0.25
PM_I05109+1837       77.739326     18.626265  3299   0.13
PM_I05127+1939       78.175896     19.665615  3531  -0.04
PM_I05177+0237       79.436516      2.620665  3774  -0.11
PM_I05223+3031       80.585609     30.519327  3389   0.28
PM_I05228+2016       80.708923     20.276703  3633   0.00
PM_I05289+1231       82.235451     12.531575  3226  -0.08
PM_I05320-0305       83.018776     -3.091493  3475   0.09
PM_I05333+4448       83.329727     44.816307  3361  -0.02
PM_I05337+0156       83.436676      1.945420  3412   0.43
PM_I05348+1352       83.717140     13.879636  3333   0.05
PM_I05427+0241       85.689598      2.694841  3360  -0.01
PM_I05434-3041       85.861069    -30.695948  3459   0.21
PM_I05463+0112       86.580734      1.213100  3501   0.55
PM_I05532+2415       88.308601     24.258806  3690   0.11
PM_I06102+2234       92.574020     22.572117  3151   0.19
PM_I06114+1032       92.858803     10.549982  3636  -0.39
PM_I06142-0035       93.555344     -0.597745  3636  -0.37
PM_I06171+0507       94.294357      5.117342  3282  -0.04
PM_I06272+4138       96.803375     41.637314  3271   0.06
PM_I06298-0247       97.459549     -2.796030  3371   0.25
PM_I06306+4539       97.656441     45.656010  3677  -0.29
PM_I06354-0403       98.874428     -4.055127  2939   0.21
PM_I06391+0322       99.783836      3.369497  3725   0.03
PM_I06438+5108      100.957115     51.138905  3359  -0.12
PM_I06522-2623      103.071144    -26.387348  3617   0.17
PM_I06564+1207      104.107491     12.125828  3772   0.14
PM_I06579+6219      104.487839     62.322014  3076   0.28
PM_I06594+1930      104.870224     19.509367  3372  -0.04
PM_I07036+1751W     105.902794     17.855124  3456  -0.02
PM_I07039+5242      105.982224     52.701839  3041  -0.47
PM_I07042-1030      106.073807    -10.508700  3380   0.43
PM_I07100+3831      107.507713     38.529591  3080   0.30
PM_I07111+4329      107.797668     43.499458  2854  -0.41
PM_I07163+2708W     109.082405     27.142527  3449  -0.08
PM_I07172-0501      109.321083     -5.017538  3193  -0.09
PM_I07187-2616      109.684113    -26.271496  3582   0.25
PM_I07274+2202      111.869247     22.043892  3652   0.24
PM_I07288-3014      112.214066    -30.246799  3564   0.23
PM_I07295+3556      112.379517     35.933392  3558   0.19
PM_I07310+4600      112.755379     46.007374  3364  -0.03
PM_I07316+4557      112.910362     45.954796  3496  -0.01
PM_I07319+3613S     112.990540     36.219425  3532   0.18
PM_I07320+1719W     113.008881     17.320019  3371  -0.04
PM_I07346+3152      113.656021     31.869511  3788   0.09
PM_I07364+0704      114.104729      7.078648  3002   0.03
PM_I07446+0333      116.167442      3.552516  3217   0.23
PM_I07497-0320      117.425613     -3.342742  3216  -0.16
PM_I07585+1530N     119.629066     15.504017  3233   0.12
PM_I07590+1523      119.774353     15.391490  3516   0.21
PM_I08020-1710      120.514206    -17.171843  3626  -0.62
PM_I08033+5250      120.831306     52.844017  3508  -0.26
PM_I08085+5304      122.136787     53.077122  3398  -0.00
PM_I08103+0935      122.586388      9.587786  3564   0.18
PM_I08126-2133      123.170341    -21.551579  3195   0.29
PM_I08131-1355      123.285423    -13.916968  3863  -0.18
PM_I08158+3136      123.974594     31.610773  3753   0.16
PM_I08170-0235      124.271057     -2.597059  3648  -0.03
PM_I08202+0532      125.055695      5.535618  3548  -0.22
PM_I08283+3500      127.092369     35.016499  3649  -0.33
PM_I08313-0602      127.840027     -6.033807  3741  -0.13
PM_I08316+1923S     127.906616     19.394310  3324   0.35
PM_I08325+4510      128.149979     45.171528  3494  -0.14
PM_I08344-0108W     128.607803     -1.144215  3370  -0.37
PM_I08364+6717      129.106445     67.295105  3832  -0.06
PM_I08371+1507      129.283188     15.129441  3596  -0.17
PM_I08373+2612      129.345093     26.206617  3337   0.13
PM_I08379-2013      129.488037    -20.220272  3700   0.32
PM_I08409-2327      130.246826    -23.456470  3516   0.38
PM_I08413+5929      130.333939     59.497349  2893   0.02
PM_I08507+3505      132.687225     35.084469  3847   0.12
PM_I08570+1138      134.269531     11.647028  3539  -0.17
PM_I08589+0828      134.734787      8.473835  3200  -0.04
PM_I09005+4635      135.135284     46.586506  3166  -0.00
PM_I09008+0514E     135.209747      5.241574  3553  -0.17
PM_I09008+0514W     135.202209      5.244799  3508  -0.13
PM_I09079+2154      136.992645     21.903086  3400  -0.12
PM_I09095+3249N     137.377594     32.819397  3798  -0.24
PM_I09156-1035      138.901688    -10.596438  2970  -0.13
PM_I09161+0153      139.042450      1.885793  3244  -0.03
PM_I09167-2447      139.183212    -24.795219  3622   0.27
PM_I09177+4612      139.436295     46.206848  3478   0.04
PM_I09187+2645      139.692596     26.753088  3660   0.33
PM_I09193+6203      139.845367     62.054741  3600   0.21
PM_I09218+4330      140.454468     43.507835  3170   0.37
PM_I09238+0008      140.969116      0.138201  3700  -0.03
PM_I09256+6329      141.417755     63.488708  3129   0.06
PM_I09286-1209      142.173279    -12.165504  3523   0.14
PM_I09288-0722      142.222214     -7.370953  3508  -0.27
PM_I09313-1329      142.830872    -13.488710  3457  -0.03
PM_I09362+3731      144.066330     37.529320  3718   0.19
PM_I09370+4034      144.264725     40.577480  3305   0.11
PM_I09430+2349N     145.755447     23.822723  3725   0.06
PM_I09539+2056      148.479935     20.946337  3072  -0.12
PM_I09573+5018      149.349701     50.313145  3725  -0.17
PM_I09587+5533      149.694489     55.550827  3725   0.26
PM_I09597+4712      149.941544     47.203178  3290  -0.09
PM_I10004+2716      150.111298     27.267101  3998   0.30
PM_I10043+5023      151.089462     50.387089  3446   0.07
PM_I10046-3335      151.161346    -33.585991  3173  -0.12
PM_I10052-1632      151.303909    -16.542019  3509  -0.10
PM_I10120-0241      153.019470     -2.684649  3462  -0.12
PM_I10143+2104      153.579926     21.074898  3719   0.04
PM_I10315+5705      157.878143     57.088291  3054  -0.07
PM_I10320+0318      158.009445      3.315212  3597   0.08
PM_I10332+3409W     158.306870     34.153328  3500  -0.15
PM_I10351+3349      158.785797     33.830555  3816  -0.04
PM_I10360+0507      159.005081      5.120210  3275   0.07
PM_I10364-2827      159.118469    -28.454258  3718   0.33
PM_I10367+1521      159.186844     15.360950  3156  -0.01
PM_I10396-0655      159.919128     -6.923743  3509   0.25
PM_I10403-2930      160.076889    -29.506418  3994   0.38
PM_I10416+3736      160.407730     37.610928  3198  -0.14
PM_I10453+3830      161.339539     38.511742  3724  -0.12
PM_I10456+1833      161.408096     18.553064  3673   0.14
PM_I10474+0235      161.851212      2.592270  3597  -0.18
PM_I10497+3532      162.439789     35.547424  3162  -0.46
PM_I10504+3306      162.608231     33.101154  3361   0.27
PM_I10506+5145      162.659332     51.750435  3233  -0.00
PM_I10524-2241      163.109787    -22.687662  3725  -0.00
PM_I10546-0718      163.674866     -7.309188  3218   0.26
PM_I10554-0249      163.860901     -2.828577  3458  -0.27
PM_I10581+5057      164.531311     50.950806  3340  -0.06
PM_I11000+2249      165.017807     22.833002  3463  -0.11
PM_I11018-3442      165.466278    -34.704762  4145  -0.20
PM_I11033+1337      165.838593     13.632488  3294  -0.09
PM_I11057+1014      166.429657     10.236054  3439  -0.03
PM_I11092-0436      167.301056     -4.606952  3661  -0.03
PM_I11154+4105      168.860840     41.087841  3371   0.37
PM_I11159+5519      168.975174     55.330746  3620   0.08
PM_I11209-1701      170.249496    -17.030239  3540   0.18
PM_I11249+0228      171.244888      2.473475  3548   0.27
PM_I11265+2145      171.636215     21.757193  3610  -0.18
PM_I11276+0358      171.910706      3.976639  3920   0.43
PM_I11302+0735      172.560455      7.588354  3502   0.09
PM_I11308+4414      172.723755     44.243420  3350   0.06
PM_I11319-3436      172.980286    -34.607601  3595  -0.02
PM_I11354-3232      173.862305    -32.539852  3518  -0.03
PM_I11433+2518      175.848175     25.303804  3311   0.30
PM_I11455-2021W     176.393478    -20.353455  3500  -0.08
PM_I11474+2339      176.873123     23.651300  3596   0.05
PM_I11476+0015      176.919800      0.255529  3261   0.10
PM_I11513+2339      177.843628     23.661472  3565  -0.09
PM_I11530+1855      178.271835     18.930016  3773  -0.14
PM_I11532-0722      178.317062     -7.374288  3533   0.07
PM_I11585+5933      179.645737     59.556202  3834  -0.15
PM_I12006-1349E     180.153809    -13.826766  3405   0.19
PM_I12006-1349W     180.152206    -13.827957  3016   0.17
PM_I12007+2050      180.186386     20.847200  3512  -0.15
PM_I12155-3948      183.877991    -39.811821  3688   0.06
PM_I12189+1107      184.747528     11.126064  2959   0.01
PM_I12193+1323      184.834488     13.397929  3926  -0.00
PM_I12198+5246      184.950302     52.779182  3798   0.04
PM_I12234-2309      185.867676    -23.161369  4041   0.01
PM_I12277-0315      186.936249     -3.250177  3355   0.19
PM_I12289+0825      187.240036      8.425553  3295   0.19
PM_I12364+3512S     189.119293     35.200264  3205   0.07
PM_I12376+3450      189.419983     34.848759  3820   0.20
PM_I12386-2703      189.654678    -27.059721  3468   0.13
PM_I12390+4702      189.769577     47.039742  3492   0.05
PM_I12469-1902      191.749023    -19.041586  3521   0.47
PM_I12470+4637      191.754120     46.625870  3571   0.22
PM_I12545+1452N     193.634750     14.871865  3725   0.29
PM_I12576+3513E     194.417801     35.225014  3633   0.02
PM_I12576+3513W     194.413910     35.221920  3198  -0.05
PM_I12583+4033      194.590179     40.556400  3703  -0.40
PM_I12587+1659W     194.678650     16.991419  3618  -0.08
PM_I12593-0010      194.826004     -0.175955  3337  -0.04
PM_I13005+0541      195.139679      5.685554  3109   0.08
PM_I13007+1222      195.194183     12.375726  3579   0.30
PM_I13095+2859      197.395676     28.985123  3112  -0.04
PM_I13115+1306      197.894333     13.112820  3459  -0.10
PM_I13143+1320      198.584839     13.333536  2808   0.06
PM_I13153-0249      198.826874     -2.830973  3354  -0.08
PM_I13160+1415      199.005280     14.264027  3686  -0.03
PM_I13180-1131      199.500809    -11.520776  3611  -0.01
PM_I13195+3506W     199.889893     35.110264  3637  -0.12
PM_I13275-2139      201.893661    -21.665945  3447   0.01
PM_I13282+3002      202.074036     30.046137  3998   0.33
PM_I13285-2305      202.137436    -23.098413  3746  -0.38
PM_I13300-0842      202.511871     -8.706993  3173  -0.26
PM_I13314-0759W     202.874054     -7.999850  3779  -0.10
PM_I13317+2916      202.944260     29.276875  3257   0.34
PM_I13319+3108      202.992737     31.134598  3811   0.05
PM_I13348+3746      203.714417     37.772099  3273   0.14
PM_I13401+4346      205.036758     43.777290  3332  -0.19
PM_I13534+1256      208.364853     12.942706  3881   0.34
PM_I14010-0239      210.263397     -2.654947  3595  -0.12
PM_I14170+3142      214.261948     31.713081  3132   0.09
PM_I14244+6015S     216.114258     60.254745  3594   0.05
PM_I14259+1412      216.483063     14.202836  3814   0.27
PM_I14321+1600      218.045029     16.013714  3326  -0.05
PM_I14366+1421      219.162170     14.364537  3725   0.17
PM_I14444-0424W     221.117111     -4.402205  3361   0.06
PM_I14479+2125      221.993286     21.417150  3725   0.04
PM_I14538+2333      223.464478     23.555803  3328   0.23
PM_I14572-0619      224.302628     -6.316959  3982   0.10
PM_I14574-2124W     224.360443    -21.411289  3560   0.18
PM_I15009+4525      225.231537     45.426159  3778  -0.09
PM_I15060+4521      226.511841     45.364525  3597   0.59
PM_I15173-2759      229.338287    -27.997154  4053   0.08
PM_I15188+2915      229.707764     29.252092  3845   0.32
PM_I15197+0439      229.941025      4.659570  3244  -0.20
PM_I15218+2058      230.470535     20.977737  3500   0.16
PM_I15219+1835      230.486649     18.597607  3737   0.19
PM_I15291+5724      232.288864     57.411674  3660  -0.09
PM_I15306-1103      232.671570    -11.062001  3674   0.16
PM_I15474+4507      236.864258     45.130974  3194   0.19
PM_I15476+2241      236.919632     22.687923  3175   0.20
PM_I15496+3448      237.409363     34.815796  3286   0.26
PM_I15597+4403      239.947067     44.066536  3526   0.05
PM_I16046+2620      241.154007     26.345310  3706  -0.02
PM_I16048+3909      241.211929     39.160015  3249  -0.66
PM_I16072-1422      241.823608    -14.379727  3939   0.12
PM_I16090+5256      242.263046     52.943867  3722   0.10
PM_I16145+1906      243.635925     19.102999  3393  -0.55
PM_I16148+6038      243.720718     60.641151  3245  -0.24
PM_I16170+5516      244.272446     55.269245  3555   0.20
PM_I16204-0416      245.103302     -4.267306  4037   0.20
PM_I16241+4821      246.038620     48.352966  3525  -0.44
PM_I16269+1457      246.726700     14.963933  3269   0.13
PM_I16328+0950      248.220169      9.840535  3354  -0.14
PM_I16336-0933      248.423386     -9.553296  3845   0.14
PM_I16343+5709      248.584671     57.162418  3192  -0.38
PM_I16412+5344      250.314346     53.736420  3642  -0.08
PM_I16430-1754      250.755356    -17.907663  3700   0.00
PM_I16439-2508      250.987122    -25.143534  3814  -0.04
PM_I16476-1941      251.922592    -19.691139  3534   0.13
PM_I16487+1038      252.194138     10.647699  3534   0.32
PM_I16499+4601      252.490723     46.028255  3418   0.06
PM_I16554-0820      253.869934     -8.336222  3405  -0.08
PM_I16578+4722E     254.473373     47.367313  3768  -0.09
PM_I17076+0722      256.920197      7.368536  3044  -0.19
PM_I17081+4829      257.029572     48.490826  3338  -0.05
PM_I17088+0611      257.209900      6.185941  3259  -0.01
PM_I17101+4139N     257.545898     41.659504  3438  -0.03
PM_I17121+4539E     258.032806     45.666195  3479  -0.41
PM_I17131-1834      258.298157    -18.573547  3649   0.07
PM_I17176+5224      259.410736     52.406231  3259  -0.28
PM_I17199+2630W     259.975861     26.500799  3361   0.29
PM_I17430+0547      265.753296      5.789337  3564  -0.09
PM_I17464-0842      266.622284     -8.710141  3200  -0.18
PM_I17529+5654      268.231476     56.902840  3459  -0.08
PM_I17542+0722      268.571320      7.379106  3302  -0.12
PM_I17545+3653      268.640472     36.898430  3781   0.06
PM_I18157+1856      273.931641     18.938824  3732  -0.25
PM_I18163+0131      274.075745      1.524298  3391  -0.25
PM_I18227+3757      275.681061     37.963276  3938   0.40
PM_I18247-0620      276.195404     -6.341998  3412   0.01
PM_I18353+4544      278.826538     45.743992  3741  -0.02
PM_I18354+4545      278.863708     45.761364  3341  -0.21
PM_I18409+3131S     280.230011     31.530794  3661  -0.28
PM_I18427+1354      280.687469     13.904737  3222   0.08
PM_I18451+0620      281.292816      6.337739  3674   0.02
PM_I18482+0741      282.073059      7.689204  2900   0.25
PM_I18507-3147      282.685333    -31.796501  3832   0.07
PM_I18584+2923      284.605103     29.390364  3801   0.48
PM_I19093+3912      287.329834     39.201061  3502   0.06
PM_I19098+1740      287.461945     17.668444  3142  -0.02
PM_I19122+0253      288.060577      2.886476  3361  -0.24
PM_I19144+1755      288.605896     17.918936  3725  -0.08
PM_I19146+1918      288.663391     19.306385  3282  -0.38
PM_I19205-0739      290.139404     -7.662156  3344  -0.24
PM_I19208+1903N     290.214996     19.060110  3565   0.27
PM_I19215+4230      290.383759     42.514530  3464  -0.03
PM_I19216+2052      290.411255     20.867563  3221   0.12
PM_I19396-2645      294.900665    -26.751925  3766   0.23
PM_I19420-2104      295.502747    -21.068213  3200   0.48
PM_I19439-0546      295.976410     -5.776764  3336   0.25
PM_I19448-2337      296.224182    -23.633158  3002   0.08
PM_I19500+3235      297.510223     32.583466  3385  -0.18
PM_I19560-3207      299.018219    -32.127144  3800  -0.07
PM_I20037+6425      300.949219     64.429741  3838  -0.09
PM_I20077-3145      301.937378    -31.753885  3395  -0.34
PM_I20094-2313      302.351929    -23.221821  3853   0.43
PM_I20105+0632      302.643524      6.537248  3217   0.01
PM_I20198+2256      304.955231     22.943529  3459   0.47
PM_I20298+0941      307.451355      9.688941  3133   0.05
PM_I20300+0023      307.507996      0.398704  3118  -0.27
PM_I20314+3833      307.856842     38.562317  3223  -0.23
PM_I20399+0620      309.977509      6.336631  3931   0.01
PM_I20405+1529      310.141113     15.499680  3129   0.23
PM_I20407+1954      310.185486     19.900871  3458  -0.20
PM_I20418-3226      310.463104    -32.435181  3351   0.40
PM_I20433+5520      310.830261     55.348064  3003  -0.17
PM_I20443+1944      311.091431     19.749769  3744  -0.09
PM_I20451-3120      311.289673    -31.340851  3600   0.14
PM_I20469-0259      311.741516     -2.992277  3700   0.21
PM_I20530+0620      313.271179      6.337596  3459  -0.10
PM_I20532-0221      313.311096     -2.356066  3405   0.08
PM_I20568-0450      314.202087     -4.846942  3368  -0.23
PM_I21000+4004E     315.022522     40.070377  3500  -0.12
PM_I21013+3314      315.335968     33.241104  3327  -0.15
PM_I21016-0028      315.410278     -0.477728  3971   0.11
PM_I21034+1108      315.875000     11.148268  3688   0.37
PM_I21047-0418      316.199982     -4.307355  3200   0.05
PM_I21051+1435      316.282379     14.591120  3563  -0.21
PM_I21076-1304      316.903259    -13.082834  3371   0.08
PM_I21109+2925      317.728241     29.423113  3748   0.14
PM_I21138+1805      318.468781     18.099854  3501   0.36
PM_I21147+3801      318.695374     38.020714  3468  -0.11
PM_I21148+1254      318.704620     12.900045  3267   0.22
PM_I21185+3014      319.640625     30.242956  3617   0.18
PM_I21205+3419      320.146149     34.329926  3372  -0.15
PM_I21221+2255      320.526184     22.931429  3600  -0.11
PM_I21280+1754      322.022797     17.900047  3771   0.30
PM_I21281+6321      322.039185     63.350391  3362  -0.11
PM_I21323+2433      323.091736     24.561621  3286   0.14
PM_I21374-0555      324.370850     -5.918905  3252  -0.10
PM_I21380+2743      324.501526     27.723755  3726  -0.02
PM_I21399+2736      324.976532     27.612093  3500  -0.25
PM_I21410+1935      325.269226     19.593163  3354  -0.11
PM_I21442+0638      326.054169      6.641485  3492   0.18
PM_I21466-0010      326.668335     -0.173154  3265   0.06
PM_I21521+0537      328.043396      5.626641  3455   0.16
PM_I21554+5938      328.851501     59.643654  3168   0.02
PM_I21569-0154      329.229736     -1.902793  3058  -0.33
PM_I22006+2715      330.173309     27.253777  3838   0.09
PM_I22018+1628      330.454315     16.467430  3457   0.21
PM_I22027+1207      330.693390     12.124277  3935  -0.15
PM_I22088+1144      332.209778     11.737006  3189   0.12
PM_I22106+3903      332.662994     39.061676  3810   0.38
PM_I22114+4059      332.850677     40.999664  2949   0.31
PM_I22173-0848N     334.329163     -8.803390  3171  -0.01
PM_I22234+3227      335.871185     32.459461  3460   0.06
PM_I22283-2554N     337.097565    -25.902164  3330  -0.04
PM_I22374+3922      339.374603     39.381058  3890   0.03
PM_I22387-2037      339.689819    -20.621122  3571  -0.08
PM_I22412-1044E     340.307800    -10.746547  3412   0.11
PM_I22426+1740      340.661316     17.669165  3506   0.25
PM_I22437+1916      340.932404     19.281734  3421   0.11
PM_I22449-3315      341.241486    -33.250454  3335   0.03
PM_I22468+4420      341.707367     44.334053  3298   0.03
PM_I22491-2851      342.285034    -28.855577  3177   0.18
PM_I22494-2608      342.370544    -26.139679  3743   0.31
PM_I22499+1744E     342.484283     17.744831  3668   0.04
PM_I22518+3145      342.972992     31.754221  3342   0.19
PM_I22524+0954      343.123932      9.901175  3346  -0.22
PM_I22559+0545E     343.986694      5.755132  3787   0.06
PM_I22559+1748      343.999390     17.811062  3666   0.09
PM_I23060+6355      346.520111     63.926220  3700   0.19
PM_I23072-2307      346.813568    -23.131582  3342  -0.07
PM_I23073-0415      346.832703     -4.259141  3672   0.01
PM_I23083-1524      347.081451    -15.409946  3728   0.16
PM_I23102-2555      347.565491    -25.931322  3540  -0.21
PM_I23166+1937      349.165527     19.621435  3643  -0.17
PM_I23174+1936      349.367218     19.612974  3388  -0.01
PM_I23209-0147      350.240326     -1.793690  3240   0.24
PM_I23261+1700      351.549347     17.002256  3200   0.01
PM_I23293+4127      352.344147     41.464500  3221   0.17
PM_I23293+4128      352.347778     41.468575  3398   0.11
PM_I23302-2023      352.555939    -20.390942  3436   0.21
PM_I23325-1215      353.128601    -12.264285  3659   0.13
PM_I23389+2101W     354.731964     21.022699  3273   0.07
PM_I23425+3914      355.639587     39.239819  3800  -0.35
PM_I23438+3235      355.971252     32.594120  3405   0.01
PM_I23443+2136      356.087006     21.601425  3304   0.22
PM_I23451+3003      356.286163     30.055134  3346  -0.18
PM_I23455-1610      356.380310    -16.172169  2968  -0.16
PM_I23462+2826      356.558624     28.434376  3327  -0.08
PM_I23479+2544      356.981598     25.738239  3468   0.09
PM_I23492+1005      357.312592     10.094108  3372  -0.19
PM_I23498+2721      357.474304     27.361256  3358  -0.03
PM_I23535+1206S     358.398468     12.104627  3517   0.12
PM_I23547-2146      358.692963    -21.774527  3842  -0.07
PM_I23556-0608      358.915802     -6.142518  3713   0.30
PM_I23563-0429      359.085022     -4.492122  3366   0.02
PM_I23569+2305S     359.229553     23.084087  3542  -0.10
PM_I23587+4643      359.681152     46.729153  3667  -0.12
PM_I02287+3215       37.193748     32.259445  3930   0.21
PM_I04376-0229       69.406250     -2.491111  3583   0.05
PM_I06293-0248       97.347496     -2.813889  3133   0.11
PM_I08258-1622      126.465012    -16.379723  4059   0.12
PM_I12154-3105      183.862915    -31.093889  3865  -0.14
PM_I15521+1052      238.034164     10.874445  3883   0.01
PM_I20581+4011      314.547943     40.191113  3921  -0.07
PM_I22279+5741W     336.997925     57.695835  3350  -0.11
PM_I22374+2356S     339.362488     23.936110  3725  -0.04
